{'name': 'convolution_layer', 'trainable': True, 'dtype': 'float32', 'filters': 64, 'kernel_size': (8,), 'strides': (1,), 'padding': 'valid', 'data_format': 'channels_last', 'dilation_rate': (1,), 'groups': 1, 'activation': 'linear', 'use_bias': True, 'kernel_initializer': {'class_name': 'GlorotUniform', 'config': {'seed': None}}, 'bias_initializer': {'class_name': 'Zeros', 'config': {}}, 'kernel_regularizer': None, 'bias_regularizer': None, 'activity_regularizer': None, 'kernel_constraint': None, 'bias_constraint': None}
[[[0.89046 0.01659 0.01527 0.07768]
  [0.8055  0.03767 0.13264 0.02419]
  [0.3388  0.33863 0.03341 0.28916]
  [0.17418 0.57376 0.1942  0.05787]
  [0.29899 0.19131 0.24414 0.26556]
  [0.11127 0.26274 0.1345  0.49149]
  [0.34089 0.13619 0.1385  0.38442]
  [0.52642 0.15672 0.12794 0.18892]]

 [[0.06485 0.08542 0.54547 0.30426]
  [0.8153  0.00845 0.17188 0.00438]
  [0.18967 0.36558 0.33235 0.1124 ]
  [0.09657 0.42329 0.46749 0.01265]
  [0.24885 0.25337 0.09876 0.39901]
  [0.27968 0.23808 0.16204 0.32019]
  [0.30292 0.24974 0.1651  0.28224]
  [0.32404 0.33324 0.18365 0.15907]]

 [[0.33075 0.0476  0.48628 0.13537]
  [0.19877 0.50165 0.26482 0.03476]
  [0.01919 0.3152  0.01482 0.6508 ]
  [0.14683 0.14749 0.29402 0.41166]
  [0.41886 0.32313 0.09328 0.16473]
  [0.30779 0.13541 0.4807  0.0761 ]
  [0.47484 0.18423 0.24667 0.09425]
  [0.03877 0.5557  0.32826 0.07726]]

 [[0.57853 0.115   0.26666 0.0398 ]
  [0.5828  0.1763  0.0825  0.15839]
  [0.46729 0.2321  0.19009 0.11052]
  [0.8405  0.01829 0.11553 0.02568]
  [0.95888 0.00604 0.01987 0.01521]
  [0.97654 0.00914 0.00248 0.01184]
  [0.89101 0.00356 0.10053 0.0049 ]
  [0.3493  0.10301 0.03214 0.51556]]

 [[0.22648 0.26272 0.07902 0.43178]
  [0.66933 0.14901 0.02766 0.154  ]
  [0.14749 0.2111  0.37448 0.26693]
  [0.20421 0.31221 0.31846 0.16512]
  [0.13807 0.20968 0.52608 0.12617]
  [0.0562  0.59648 0.32785 0.01947]
  [0.07868 0.17035 0.07764 0.67334]
  [0.21893 0.33319 0.09142 0.35646]]

 [[0.6321  0.15987 0.08506 0.12297]
  [0.48603 0.1873  0.14233 0.18434]
  [0.03805 0.08343 0.01207 0.86645]
  [0.00291 0.20344 0.02908 0.76458]
  [0.07106 0.14708 0.21131 0.57055]
  [0.08183 0.08034 0.48627 0.35156]
  [0.07168 0.39578 0.24184 0.2907 ]
  [0.38215 0.15116 0.37974 0.08695]]

 [[0.85206 0.08101 0.03913 0.02779]
  [0.61742 0.21619 0.05202 0.11436]
  [0.16658 0.12732 0.0033  0.7028 ]
  [0.01923 0.08384 0.01398 0.88295]
  [0.09307 0.04872 0.01714 0.84106]
  [0.20452 0.25597 0.06607 0.47343]
  [0.2309  0.38166 0.06993 0.31751]
  [0.39834 0.15486 0.09872 0.34809]]

 [[0.02216 0.0078  0.00828 0.96176]
  [0.01276 0.41567 0.01694 0.55462]
  [0.05905 0.27697 0.03911 0.62488]
  [0.1697  0.23361 0.27589 0.3208 ]
  [0.36759 0.20791 0.18926 0.23524]
  [0.296   0.15493 0.15538 0.39369]
  [0.18668 0.21353 0.23932 0.36046]
  [0.27752 0.26948 0.269   0.184  ]]

 [[0.3665  0.19336 0.26155 0.17859]
  [0.11081 0.05105 0.81729 0.02085]
  [0.11225 0.19917 0.0205  0.66809]
  [0.08681 0.3056  0.59543 0.01216]
  [0.22573 0.09444 0.13538 0.54445]
  [0.12311 0.27493 0.15629 0.44567]
  [0.49428 0.08859 0.24635 0.17078]
  [0.34929 0.19766 0.11128 0.34177]]

 [[0.54676 0.10415 0.24522 0.10387]
  [0.59426 0.14546 0.25723 0.00305]
  [0.01714 0.19523 0.1013  0.68633]
  [0.68738 0.00633 0.30017 0.00613]
  [0.16914 0.24769 0.16518 0.41799]
  [0.30712 0.29889 0.22527 0.16872]
  [0.27741 0.27376 0.23349 0.21534]
  [0.30105 0.24584 0.21805 0.23505]]

 [[0.70521 0.0085  0.2424  0.04388]
  [0.74768 0.0115  0.22444 0.01637]
  [0.57769 0.07269 0.09905 0.25057]
  [0.15329 0.12492 0.00303 0.71877]
  [0.27064 0.25372 0.23075 0.24489]
  [0.31475 0.23005 0.18495 0.27025]
  [0.29656 0.17577 0.24908 0.27859]
  [0.30004 0.17493 0.23608 0.28894]]

 [[0.27729 0.08514 0.25227 0.38529]
  [0.15195 0.0359  0.06569 0.74647]
  [0.02658 0.03176 0.00977 0.9319 ]
  [0.05749 0.02901 0.01069 0.90281]
  [0.34708 0.13536 0.04825 0.46931]
  [0.10633 0.40667 0.18983 0.29717]
  [0.24652 0.31357 0.29033 0.14959]
  [0.36408 0.22897 0.38731 0.01963]]

 [[0.14954 0.47263 0.11096 0.26688]
  [0.06455 0.71176 0.12362 0.10007]
  [0.08427 0.37986 0.00321 0.53267]
  [0.52246 0.02211 0.44508 0.01035]
  [0.01735 0.30638 0.53256 0.14372]
  [0.36219 0.10391 0.44136 0.09254]
  [0.30349 0.21026 0.27389 0.21237]
  [0.33799 0.19723 0.26219 0.20259]]

 [[0.51276 0.29744 0.08918 0.10062]
  [0.89876 0.01652 0.01526 0.06947]
  [0.94467 0.00159 0.01372 0.04002]
  [0.8828  0.01913 0.00783 0.09024]
  [0.41377 0.00825 0.01624 0.56174]
  [0.16917 0.13441 0.01663 0.67979]
  [0.0391  0.13088 0.09601 0.734  ]
  [0.15247 0.19506 0.13769 0.51478]]

 [[0.63554 0.01639 0.07828 0.26979]
  [0.58645 0.01697 0.11303 0.28355]
  [0.47147 0.12287 0.12452 0.28114]
  [0.21191 0.148   0.09888 0.54121]
  [0.35531 0.24831 0.20455 0.19183]
  [0.23508 0.15123 0.48696 0.12672]
  [0.1337  0.37436 0.17411 0.31783]
  [0.14377 0.40227 0.37471 0.07924]]

 [[0.06754 0.51104 0.39871 0.02271]
  [0.5322  0.08099 0.28209 0.10472]
  [0.26216 0.301   0.25976 0.17708]
  [0.11252 0.07781 0.11854 0.69113]
  [0.03244 0.30886 0.06022 0.59848]
  [0.22136 0.07892 0.62626 0.07346]
  [0.45617 0.40927 0.0476  0.08696]
  [0.16626 0.35364 0.31984 0.16026]]

 [[0.19299 0.34397 0.1538  0.30924]
  [0.10017 0.57732 0.12335 0.19916]
  [0.344   0.38187 0.15084 0.12329]
  [0.10983 0.04269 0.02148 0.826  ]
  [0.02735 0.4332  0.00518 0.53427]
  [0.17687 0.03204 0.67049 0.12059]
  [0.27448 0.37924 0.06733 0.27895]
  [0.18313 0.21148 0.14709 0.4583 ]]

 [[0.91226 0.00581 0.01485 0.06709]
  [0.40671 0.08914 0.397   0.10715]
  [0.81626 0.06305 0.06313 0.05755]
  [0.34773 0.19457 0.14174 0.31597]
  [0.16575 0.304   0.26292 0.26734]
  [0.23811 0.45491 0.12404 0.18294]
  [0.25922 0.26209 0.16569 0.313  ]
  [0.40598 0.15802 0.15847 0.27752]]

 [[0.46078 0.01057 0.51728 0.01137]
  [0.62349 0.17333 0.04084 0.16235]
  [0.00647 0.42357 0.40212 0.16784]
  [0.17135 0.39477 0.30435 0.12953]
  [0.43568 0.10926 0.31876 0.13629]
  [0.40377 0.15408 0.22805 0.2141 ]
  [0.23458 0.20546 0.18786 0.3721 ]
  [0.2548  0.21184 0.29045 0.24291]]

 [[0.24893 0.24034 0.2115  0.29924]
  [0.28666 0.2477  0.21061 0.25503]
  [0.35918 0.19313 0.18843 0.25926]
  [0.51662 0.12875 0.17245 0.18218]
  [0.47093 0.10125 0.16604 0.26177]
  [0.47321 0.03024 0.05868 0.43787]
  [0.19126 0.11429 0.09439 0.60006]
  [0.07386 0.16847 0.0221  0.73556]]

 [[0.64716 0.24375 0.00693 0.10215]
  [0.31475 0.08015 0.21094 0.39417]
  [0.06364 0.37167 0.15558 0.40911]
  [0.02486 0.58707 0.2993  0.08877]
  [0.14779 0.22079 0.58416 0.04725]
  [0.54922 0.06365 0.15266 0.23448]
  [0.34374 0.15133 0.04067 0.46426]
  [0.07681 0.58796 0.16668 0.16856]]

 [[0.60409 0.07845 0.1313  0.18616]
  [0.44333 0.20341 0.16664 0.18661]
  [0.42918 0.07437 0.45624 0.04022]
  [0.00891 0.36864 0.40838 0.21407]
  [0.09433 0.13752 0.05061 0.71753]
  [0.35481 0.30986 0.26721 0.06812]
  [0.38471 0.26836 0.13447 0.21246]
  [0.4524  0.11611 0.09931 0.33218]]

 [[0.23098 0.21303 0.23481 0.32118]
  [0.22978 0.28726 0.24393 0.23902]
  [0.09099 0.31268 0.17095 0.42538]
  [0.676   0.09634 0.21629 0.01137]
  [0.22139 0.18103 0.16431 0.43328]
  [0.05498 0.08214 0.17514 0.68774]
  [0.01522 0.03829 0.01331 0.93319]
  [0.06902 0.12377 0.0618  0.74542]]

 [[0.01686 0.11906 0.09096 0.77313]
  [0.03145 0.47214 0.17007 0.32634]
  [0.0231  0.02996 0.0126  0.93435]
  [0.8213  0.05873 0.06706 0.05291]
  [0.29053 0.0647  0.55001 0.09476]
  [0.27363 0.34547 0.15333 0.22756]
  [0.40043 0.30116 0.18103 0.11738]
  [0.09713 0.37462 0.10575 0.4225 ]]

 [[0.0058  0.49277 0.49631 0.00512]
  [0.00839 0.43698 0.03209 0.52254]
  [0.10491 0.45583 0.28573 0.15352]
  [0.23568 0.39376 0.06676 0.3038 ]
  [0.28111 0.14186 0.1993  0.37773]
  [0.26963 0.19258 0.18637 0.35142]
  [0.36992 0.18425 0.15814 0.28769]
  [0.2574  0.19134 0.3401  0.21116]]

 [[0.30794 0.21181 0.18748 0.29277]
  [0.31657 0.2143  0.16776 0.30137]
  [0.39685 0.20348 0.15938 0.24028]
  [0.51101 0.13002 0.2351  0.12387]
  [0.62712 0.00622 0.20379 0.16287]
  [0.91693 0.00537 0.0217  0.05601]
  [0.77722 0.0327  0.04948 0.1406 ]
  [0.28733 0.17091 0.03773 0.50403]]

 [[0.20114 0.38054 0.393   0.02532]
  [0.5347  0.07688 0.11533 0.27309]
  [0.12324 0.16551 0.24206 0.46918]
  [0.06438 0.03231 0.0319  0.87141]
  [0.07031 0.17977 0.04311 0.70681]
  [0.16803 0.05169 0.13664 0.64363]
  [0.00666 0.25002 0.3142  0.42912]
  [0.53642 0.06179 0.30048 0.10131]]

 [[0.00096 0.00012 0.99852 0.00041]
  [0.00076 0.99896 0.00019 0.0001 ]
  [0.00025 0.00014 0.00008 0.99953]
  [0.00209 0.9973  0.00007 0.00054]
  [0.00031 0.00024 0.00124 0.99822]
  [0.00017 0.00013 0.00018 0.99952]
  [0.00025 0.99935 0.00017 0.00023]
  [0.10057 0.32128 0.07889 0.49926]]

 [[0.18925 0.15675 0.30591 0.34809]
  [0.09343 0.51333 0.20564 0.1876 ]
  [0.19943 0.02918 0.29175 0.47964]
  [0.06326 0.24135 0.09297 0.60241]
  [0.13913 0.32409 0.17167 0.36512]
  [0.09672 0.36078 0.12305 0.41946]
  [0.01759 0.09853 0.54064 0.34324]
  [0.5143  0.06004 0.36241 0.06325]]

 [[0.70576 0.06254 0.03433 0.19737]
  [0.01558 0.3451  0.62113 0.01818]
  [0.58196 0.01781 0.00977 0.39046]
  [0.38242 0.19929 0.00542 0.41287]
  [0.2138  0.42312 0.33839 0.02469]
  [0.29225 0.33545 0.31468 0.05763]
  [0.41993 0.02907 0.36981 0.18119]
  [0.29276 0.08166 0.10134 0.52425]]

 [[0.00729 0.93047 0.01626 0.04599]
  [0.62927 0.00837 0.20684 0.15551]
  [0.37982 0.0646  0.00821 0.54738]
  [0.29599 0.25717 0.21642 0.23042]
  [0.36971 0.06993 0.2005  0.35986]
  [0.3198  0.06988 0.21084 0.39948]
  [0.1706  0.24748 0.17172 0.4102 ]
  [0.27677 0.20307 0.2047  0.31546]]

 [[0.12512 0.05291 0.32289 0.49908]
  [0.02126 0.50857 0.21058 0.25959]
  [0.04729 0.43423 0.42274 0.09573]
  [0.23064 0.04478 0.46564 0.25894]
  [0.05404 0.25258 0.22615 0.46722]
  [0.02995 0.91653 0.04423 0.00929]
  [0.4117  0.37495 0.02668 0.18666]
  [0.21671 0.1367  0.12581 0.52077]]

 [[0.46454 0.03598 0.11309 0.38639]
  [0.45489 0.04929 0.05505 0.44077]
  [0.31511 0.18887 0.05    0.44602]
  [0.12785 0.17735 0.13626 0.55853]
  [0.31405 0.14423 0.14708 0.39464]
  [0.29595 0.17637 0.2053  0.32238]
  [0.48199 0.11628 0.38539 0.01634]
  [0.096   0.26506 0.24328 0.39566]]

 [[0.189   0.35418 0.35343 0.1034 ]
  [0.4366  0.06485 0.20763 0.29092]
  [0.1541  0.03116 0.34552 0.46922]
  [0.09129 0.29682 0.60327 0.00862]
  [0.32385 0.01764 0.02566 0.63284]
  [0.17974 0.2771  0.04296 0.5002 ]
  [0.15797 0.16742 0.43177 0.24284]
  [0.20108 0.09796 0.5789  0.12205]]

 [[0.05825 0.52718 0.30251 0.11206]
  [0.14847 0.03444 0.29932 0.51777]
  [0.05843 0.52308 0.00897 0.40953]
  [0.01541 0.12015 0.75212 0.11232]
  [0.40874 0.106   0.38347 0.10179]
  [0.77203 0.03273 0.0956  0.09964]
  [0.01014 0.63406 0.26696 0.08883]
  [0.15344 0.12492 0.09832 0.62332]]

 [[0.34758 0.08349 0.42089 0.14804]
  [0.20628 0.22949 0.27407 0.29016]
  [0.01886 0.3044  0.48372 0.19301]
  [0.40669 0.26402 0.14205 0.18724]
  [0.46744 0.15925 0.19056 0.18274]
  [0.47687 0.10128 0.20439 0.21746]
  [0.47636 0.06357 0.16238 0.2977 ]
  [0.53464 0.05371 0.00249 0.40916]]

 [[0.23096 0.13626 0.33054 0.30225]
  [0.06209 0.07545 0.85907 0.00338]
  [0.23886 0.72561 0.00945 0.02609]
  [0.51334 0.08521 0.01385 0.38759]
  [0.01942 0.06744 0.5621  0.35103]
  [0.29458 0.2943  0.14982 0.2613 ]
  [0.47971 0.09542 0.05713 0.36774]
  [0.47864 0.17736 0.18152 0.16247]]

 [[0.54079 0.08362 0.12107 0.25453]
  [0.30435 0.13178 0.33189 0.23198]
  [0.17585 0.57375 0.1908  0.05959]
  [0.08313 0.56495 0.15224 0.19968]
  [0.20278 0.73936 0.03089 0.02697]
  [0.01833 0.41113 0.03208 0.53845]
  [0.31307 0.35772 0.06098 0.26824]
  [0.27667 0.30062 0.15668 0.26603]]

 [[0.13639 0.00784 0.02976 0.82601]
  [0.00972 0.00567 0.00261 0.982  ]
  [0.05723 0.01732 0.0059  0.91955]
  [0.18019 0.13162 0.02874 0.65945]
  [0.269   0.1914  0.14656 0.39304]
  [0.1536  0.16112 0.22993 0.45535]
  [0.21966 0.11067 0.18402 0.48565]
  [0.31194 0.13402 0.18475 0.36929]]

 [[0.516   0.13581 0.08067 0.26751]
  [0.50084 0.4126  0.05548 0.03109]
  [0.57654 0.15551 0.22159 0.04636]
  [0.24782 0.03612 0.07167 0.64439]
  [0.01677 0.217   0.0322  0.73403]
  [0.33663 0.39573 0.15088 0.11676]
  [0.05316 0.44389 0.06135 0.44161]
  [0.42618 0.01651 0.49823 0.05908]]

 [[0.13421 0.18602 0.60091 0.07886]
  [0.31606 0.05887 0.49506 0.13001]
  [0.0412  0.74621 0.12284 0.08975]
  [0.02428 0.14441 0.26058 0.57072]
  [0.20702 0.21651 0.15156 0.42491]
  [0.19304 0.31162 0.1458  0.34954]
  [0.10149 0.52194 0.30548 0.07109]
  [0.36416 0.14718 0.23359 0.25508]]

 [[0.35781 0.15908 0.35387 0.12924]
  [0.23041 0.3508  0.10958 0.30921]
  [0.20393 0.41256 0.0741  0.3094 ]
  [0.14476 0.01574 0.37904 0.46046]
  [0.13795 0.61382 0.03085 0.21739]
  [0.06742 0.46784 0.06997 0.39477]
  [0.62623 0.10083 0.21947 0.05347]
  [0.2078  0.14343 0.60406 0.04471]]

 [[0.42764 0.09559 0.42393 0.05284]
  [0.32944 0.31792 0.01711 0.33554]
  [0.11795 0.26608 0.26704 0.34893]
  [0.22603 0.02014 0.73559 0.01825]
  [0.12013 0.47519 0.27056 0.13412]
  [0.07931 0.33865 0.06577 0.51627]
  [0.15085 0.46426 0.22307 0.16183]
  [0.36157 0.21578 0.11101 0.31164]]

 [[0.48445 0.03352 0.15259 0.32944]
  [0.41291 0.01282 0.04338 0.53088]
  [0.18467 0.15867 0.03124 0.62541]
  [0.18727 0.24996 0.11027 0.45249]
  [0.21233 0.26308 0.20197 0.32262]
  [0.31058 0.17991 0.30216 0.20735]
  [0.13542 0.33969 0.03599 0.4889 ]
  [0.38651 0.2064  0.14387 0.26322]]

 [[0.44233 0.06299 0.31823 0.17646]
  [0.36157 0.13196 0.32148 0.18499]
  [0.00286 0.34126 0.62037 0.03551]
  [0.11513 0.26926 0.13407 0.48154]
  [0.13209 0.28673 0.19619 0.38499]
  [0.35655 0.3137  0.32244 0.00732]
  [0.33243 0.0761  0.21884 0.37263]
  [0.09551 0.35742 0.18792 0.35915]]

 [[0.11886 0.03191 0.72007 0.12916]
  [0.01767 0.07939 0.24186 0.66108]
  [0.15026 0.06214 0.02903 0.75857]
  [0.29055 0.04503 0.1435  0.52092]
  [0.29925 0.02785 0.24213 0.43078]
  [0.45504 0.11522 0.17055 0.25919]
  [0.10068 0.30433 0.55677 0.03823]
  [0.28463 0.39673 0.03958 0.27907]]

 [[0.10531 0.07042 0.53551 0.28877]
  [0.42144 0.20261 0.28651 0.08944]
  [0.24988 0.42306 0.11176 0.2153 ]
  [0.09232 0.0084  0.60409 0.29519]
  [0.3659  0.48651 0.02346 0.12413]
  [0.06305 0.10494 0.57249 0.25952]
  [0.14712 0.00723 0.81498 0.03067]
  [0.46534 0.06907 0.01252 0.45307]]

 [[0.13702 0.27791 0.18934 0.39573]
  [0.01261 0.13849 0.50581 0.34309]
  [0.05726 0.15601 0.70841 0.07832]
  [0.8982  0.03811 0.0043  0.05938]
  [0.42782 0.02214 0.15911 0.39093]
  [0.10325 0.61879 0.13529 0.14267]
  [0.15595 0.04945 0.6972  0.09739]
  [0.30143 0.25488 0.12529 0.31841]]

 [[0.33203 0.05357 0.35628 0.25813]
  [0.03512 0.56407 0.27319 0.12763]
  [0.75541 0.0399  0.05489 0.14979]
  [0.25587 0.36266 0.0045  0.37696]
  [0.08516 0.28293 0.50733 0.12458]
  [0.43131 0.28108 0.24546 0.04215]
  [0.36201 0.19153 0.09938 0.34708]
  [0.33748 0.19856 0.09336 0.37061]]

 [[0.01819 0.1706  0.7986  0.01262]
  [0.05658 0.08547 0.50465 0.3533 ]
  [0.58593 0.21554 0.0466  0.15192]
  [0.5797  0.14922 0.21952 0.05156]
  [0.09293 0.18993 0.12676 0.59039]
  [0.25805 0.27813 0.35874 0.10508]
  [0.36395 0.474   0.09118 0.07087]
  [0.30748 0.21139 0.17169 0.30945]]

 [[0.68743 0.0337  0.27009 0.00879]
  [0.04151 0.03792 0.87444 0.04612]
  [0.9077  0.00791 0.038   0.04639]
  [0.24619 0.01737 0.27403 0.46242]
  [0.24753 0.24173 0.00618 0.50456]
  [0.15482 0.18417 0.26409 0.39691]
  [0.54    0.14439 0.08378 0.23182]
  [0.19169 0.34775 0.08606 0.3745 ]]

 [[0.40194 0.11896 0.22919 0.24991]
  [0.26649 0.38647 0.33646 0.01059]
  [0.29578 0.23738 0.30958 0.15726]
  [0.01794 0.52941 0.16638 0.28628]
  [0.76428 0.04571 0.09826 0.09175]
  [0.20384 0.19786 0.10315 0.49515]
  [0.02775 0.60004 0.24946 0.12276]
  [0.82914 0.00606 0.16038 0.00442]]

 [[0.30786 0.31094 0.25521 0.12599]
  [0.64339 0.1173  0.11277 0.12653]
  [0.08523 0.4663  0.15197 0.29651]
  [0.81078 0.02665 0.02924 0.13334]
  [0.01725 0.05439 0.90334 0.02502]
  [0.00377 0.65669 0.15298 0.18656]
  [0.39061 0.35223 0.12083 0.13633]
  [0.33353 0.08984 0.10953 0.4671 ]]

 [[0.07725 0.78368 0.0637  0.07538]
  [0.08911 0.31384 0.59245 0.0046 ]
  [0.35802 0.53442 0.0505  0.05706]
  [0.05133 0.05723 0.80613 0.08531]
  [0.45096 0.22595 0.04026 0.28283]
  [0.22321 0.29489 0.13426 0.34764]
  [0.07567 0.48862 0.19578 0.23993]
  [0.62723 0.05141 0.28426 0.03711]]

 [[0.33234 0.18004 0.19564 0.29198]
  [0.39514 0.1424  0.28994 0.17252]
  [0.08518 0.13929 0.52377 0.25176]
  [0.56911 0.17208 0.15978 0.09903]
  [0.47517 0.33209 0.13024 0.06251]
  [0.04185 0.36377 0.51569 0.07869]
  [0.0857  0.00938 0.85484 0.05008]
  [0.02078 0.13212 0.28954 0.55757]]

 [[0.32852 0.15553 0.13411 0.38184]
  [0.06977 0.29131 0.34168 0.29724]
  [0.34416 0.2797  0.33476 0.04138]
  [0.24631 0.10447 0.19353 0.45569]
  [0.12321 0.08795 0.03114 0.7577 ]
  [0.16188 0.19839 0.04446 0.59527]
  [0.07158 0.10449 0.02062 0.80331]
  [0.10763 0.21536 0.03426 0.64275]]

 [[0.37959 0.12528 0.24495 0.25017]
  [0.22688 0.18889 0.03941 0.54482]
  [0.00507 0.16277 0.80894 0.02321]
  [0.61623 0.16473 0.10434 0.1147 ]
  [0.33167 0.29787 0.00364 0.36681]
  [0.45867 0.07456 0.14413 0.32264]
  [0.52699 0.12674 0.00321 0.34306]
  [0.20848 0.48961 0.0419  0.26001]]

 [[0.16966 0.25076 0.22932 0.35026]
  [0.4381  0.21819 0.11185 0.23186]
  [0.12968 0.29767 0.38843 0.18422]
  [0.40441 0.1512  0.41709 0.0273 ]
  [0.02822 0.39559 0.29103 0.28516]
  [0.53948 0.06703 0.27456 0.11893]
  [0.04589 0.74387 0.19197 0.01828]
  [0.01443 0.12296 0.08098 0.78162]]

 [[0.30431 0.18789 0.28072 0.22708]
  [0.4384  0.09978 0.4542  0.00762]
  [0.25433 0.31902 0.09239 0.33426]
  [0.33513 0.1939  0.46148 0.00949]
  [0.16793 0.40052 0.11403 0.31753]
  [0.2268  0.28006 0.20585 0.28729]
  [0.07059 0.33257 0.12675 0.47009]
  [0.16128 0.12403 0.13778 0.5769 ]]

 [[0.3236  0.16108 0.23006 0.28526]
  [0.15745 0.33099 0.22919 0.28237]
  [0.97355 0.00502 0.0095  0.01193]
  [0.11261 0.3671  0.3137  0.2066 ]
  [0.43838 0.10602 0.00938 0.44621]
  [0.09662 0.33256 0.51443 0.05639]
  [0.57726 0.08219 0.24663 0.09392]
  [0.16016 0.43952 0.13888 0.26144]]

 [[0.08753 0.55579 0.30783 0.04886]
  [0.12629 0.22837 0.08471 0.56063]
  [0.14596 0.462   0.07946 0.31259]
  [0.26123 0.12695 0.20358 0.40824]
  [0.46568 0.17064 0.16592 0.19776]
  [0.62835 0.21626 0.14725 0.00815]
  [0.50574 0.06993 0.28036 0.14397]
  [0.29479 0.14692 0.30289 0.25541]]

 [[0.49989 0.17699 0.14659 0.17653]
  [0.41935 0.07565 0.15449 0.35051]
  [0.66607 0.00681 0.00726 0.31986]
  [0.75395 0.02327 0.00665 0.21613]
  [0.67468 0.03192 0.20828 0.08512]
  [0.0071  0.14781 0.12092 0.72417]
  [0.23474 0.12827 0.23297 0.40402]
  [0.31341 0.19081 0.26534 0.23044]]

 [[0.82173 0.00727 0.04422 0.12678]
  [0.71349 0.12135 0.10373 0.06143]
  [0.49795 0.24501 0.0111  0.24593]
  [0.44247 0.32219 0.21881 0.01653]
  [0.21299 0.26921 0.2165  0.3013 ]
  [0.27978 0.25748 0.20414 0.25859]
  [0.26437 0.13801 0.37513 0.2225 ]
  [0.0354  0.35741 0.27823 0.32895]]

 [[0.07587 0.5259  0.17933 0.2189 ]
  [0.44624 0.01885 0.2029  0.33201]
  [0.0267  0.27675 0.61013 0.08642]
  [0.46473 0.05644 0.36309 0.11574]
  [0.36494 0.14886 0.42626 0.05994]
  [0.26645 0.2826  0.35422 0.09674]
  [0.27417 0.35667 0.18819 0.18097]
  [0.12866 0.40138 0.23365 0.23631]]]
